zip,price,price per sqft,sq_ft,city
95603,321818.0,230.0,1498.0,3
95608,295685.0,188.0,1553.0,20
95610,226436.0,148.0,1578.0,7
95614,300000.0,206.0,1457.0,1
95619,216033.0,166.0,1300.0,1
95621,177285.0,142.0,1241.0,28
95623,247000.0,188.0,1332.0,2
95624,243235.0,136.0,1838.0,31
95626,132866.0,108.0,1242.0,4
95628,303501.0,178.0,1660.0,9
95630,415288.0,193.0,2208.0,15
95632,231041.0,143.0,1639.0,20
95635,395000.0,139.0,2846.0,1
95648,262921.0,168.0,1606.0,6
95650,567000.0,369.0,1476.0,2
95655,237800.0,114.0,2093.0,1
95660,135659.0,119.0,1150.0,21
95661,360903.0,183.0,2020.0,8
95662,279160.0,172.0,1647.0,11
95663,506688.0,384.0,1320.0,1
95667,404710.0,237.0,1705.0,5
95670,232863.0,147.0,1578.0,20
95673,184622.0,154.0,1215.0,12
95677,257548.0,173.0,1486.0,2
95678,244442.0,160.0,1542.0,14
95682,399000.0,198.0,2016.0,1
95683,397750.0,134.0,2963.0,2
95690,380000.0,220.0,1727.0,1
95691,147000.0,166.0,884.0,1
95693,631886.0,179.0,3510.0,4
95722,230000.0,189.0,1216.0,1
95726,240303.0,181.0,1328.0,3
95742,352775.0,107.0,3281.0,4
95746,678733.0,232.0,2974.0,3
95747,320702.0,167.0,1938.0,6
95757,340428.0,145.0,2482.0,34
95758,233349.0,145.0,1652.0,42
95762,299413.0,167.0,1790.0,3
95765,362477.0,189.0,1994.0,6
95811,403474.0,284.0,1482.0,2
95814,367729.0,209.0,1779.0,3
95815,115133.0,108.0,1068.0,18
95816,345000.0,254.0,1487.0,3
95817,151123.0,129.0,1102.0,7
95818,283218.0,238.0,1174.0,7
95819,465750.0,277.0,1696.0,4
95820,134707.0,134.0,1040.0,22
95821,228667.0,154.0,1445.0,6
95822,157678.0,135.0,1163.0,24
95823,175243.0,121.0,1433.0,61
95824,114468.0,110.0,1019.0,12
95825,186744.0,150.0,1246.0,12
95826,181120.0,141.0,1339.0,18
95827,204104.0,117.0,1704.0,9
95828,184677.0,129.0,1505.0,45
95829,294142.0,126.0,2306.0,11
95831,306968.0,179.0,1747.0,9
95832,175197.0,109.0,1634.0,12
95833,186813.0,132.0,1462.0,17
95834,240287.0,134.0,1890.0,17
95835,276168.0,144.0,1997.0,34
95838,144037.0,111.0,1282.0,36
95841,213806.0,157.0,1382.0,7
95842,143282.0,119.0,1210.0,22
95843,232496.0,141.0,1717.0,33
95864,364400.0,240.0,1521.0,5
